40,4
40,3
40,2
40,1
40,0
39,5
39,4
39,3
39,2
39,1
39,0
38,4
38,3
38,2
38,1
38,0
10,185
10,144
10,161
10,147
10,140
10,8
10,79
10,294
11,20
11,26
11,24
11,14
11,7
9,7
9,6
37,5
9,1
37,4
9,4
37,3
37,2
9,2
37,1
37,0
9,3
8,16
35,3
35,2
8,11
8,4
8,17
8,9
35,1
35,0
12,2
12,1
11,28
11,27
11,25
12,3
11,23
11,22
11,19
11,16
11,15
11,13
11,12
11,11
11,10
11,9
20,2
20,1
11,8
11,6
11,5
11,4
11,3
11,2
20,3
11,1
19,2
19,1
10,296
19,3
10,266
10,265
10,260
10,255
10,254
10,241
10,236
10,229
10,219
10,203
10,195
10,194
10,187
10,169
10,164
10,162
10,149
10,133
10,127
10,120
